1720636381734857
1720636381749010
1720636381749185
1720636381749632
1720636381749732
1720636381749809
1720636381749882
1720636381749958
1720636381750029
1720636381750100
1720636381750170
1720636381750241
1720636381750312
1720636381750383
1720636381750454
1720636381750525
1720636381750595
1720636381750666
1720636381750736
1720636381750807
1720636381750878
1720636381750950
1720636381751020
1720636381751090
1720636381751161
1720636381751232
1720636381751302
1720636381751373
1720636381751443
1720636381751514
1720636381751585
1720636381751656
1720636381751727
1720636381751798
1720636381751869
1720636381751939
1720636381752010
1720636381752081
1720636381752152
1720636381752222
1720636381752294
1720636381752365
1720636381752437
1720636381752508
1720636381752579
1720636381752680
1720636381752756
1720636381752826
1720636381752898
1720636381752969
1720636381753041
1720636381753111
1720636381753182
1720636381753252
1720636381753325
1720636381753395
1720636381753466
1720636381753536
1720636381753607
1720636381753678
1720636381753748
1720636381753820
1720636381753890
1720636381753960
1720636381754032
1720636381754101
1720636381754173
1720636381754244
1720636381754315
1720636381754386
1720636381754457
1720636381754527
1720636381754598
1720636381754668
1720636381754739
1720636381754810
1720636381754881
1720636381754952
1720636381755023
1720636381755093
1720636381755163
1720636381755234
1720636381755305
1720636381755375
1720636381755445
1720636381755516
1720636381755587
1720636381755656
1720636381755726
1720636381755797
1720636381755867
1720636381755948
1720636381756018
1720636381756088
1720636381756159
1720636381756229
1720636381756301
1720636381756371
1720636381756442
1720636381756511
1720636381756582
1720636381756653
1720636381756724
1720636381756794
1720636381756866
1720636381756937
1720636381757008
1720636381757078
1720636381757149
1720636381757219
1720636381757289
1720636381757360
1720636381757430
1720636381757500
1720636381757572
1720636381757642
1720636381757713
1720636381757784
1720636381757855
1720636381757926
1720636381757995
1720636381758066
1720636381758137
1720636381758207
1720636381758278
1720636381758988
1720636381759178
1720636381759336
1720636381759410
1720636381759481
1720636381759552
1720636381759909
1720636381773359
1720636381773759
1720636381773931
1720636381774094
1720636381774255
1720636381774413
1720636381774572
1720636381774731
1720636381774890
1720636381775048
1720636381775208
1720636381775367
1720636381775525
1720636381795185
1720636381819142
1720636381819536
1720636381819703
1720636381819865
1720636381820025
1720636381820183
1720636381820342
1720636381820501
1720636381820662
1720636381820820
1720636381820979
1720636381821138
1720636381835477
1720636381835822
1720636381836030
1720636381836194
1720636381836355
1720636381836516
1720636381836676
1720636381836838
1720636381837000
1720636381837162
1720636381837323
1720636381837483
1720636381851654
1720636381851999
1720636381852161
1720636381871463
1720636381872183
1720636381872409
1720636381872642
1720636381873191
1720636381874270
1720636381875123
1720636381885424
1720636381885616
1720636381885786
1720636381885963
1720636381886128
1720636381886292
1720636381886456
1720636381886616
1720636381886775
1720636381887881
1720636381888241
1720636381888405
1720636381888568
1720636381888729
1720636381888896
1720636381889057
1720636381889218
1720636381903580
1720636381904591
1720636381904852
1720636381905046
1720636381905227
1720636381905407
1720636381905583
1720636381905759
1720636381905983
1720636381906167
1720636381906343
1720636381906519
1720636381906694
1720636381906871
1720636381907046
1720636381907223
1720636381907399
1720636381921678
1720636381922290
1720636381922529
1720636381922809
1720636381923033
1720636381937007
1720636381937466
1720636381937623
1720636381937777
1720636381937930
1720636381938081
1720636381938239
1720636381938389
1720636381938539
1720636381938692
1720636381938842
1720636381938992
1720636381939141
1720636381939444
1720636381939600
1720636381939752
1720636381939902
1720636381940051
1720636381940200
1720636381957145
1720636381957649
1720636381957802
1720636381957951
1720636381958101
1720636381958251
1720636381958401
1720636381958551
1720636381958701
1720636381969835
1720636381970205
1720636381970366
1720636381970525
1720636381970676
1720636381970825
1720636381970972
1720636381971120
1720636381971268
1720636381971416
1720636381971565
1720636381971713
1720636381971961
1720636381972112
1720636381972261
1720636381972408
1720636381972558
1720636381972723
1720636381972874
1720636381973036
1720636381973201
1720636381973366
1720636381973530
1720636381973696
1720636381990822
1720636381991372
1720636381991583
1720636381991790
1720636381991999
1720636381992252
1720636381992513
1720636381992807
1720636381993071
1720636381993334
1720636381993596
1720636381993853
1720636382003966
1720636382004598
1720636382004867
1720636382005061
1720636382005227
1720636382005394
1720636382005555
1720636382005717
1720636382005876
1720636382006117
1720636382006276
1720636382006438
1720636382006592
1720636382006742
1720636382006894
1720636382007048
1720636382007203
1720636382007357
1720636382007512
1720636382020451
1720636382020953
1720636382021162
1720636382021346
1720636382021523
1720636382021699
1720636382021882
1720636382022061
1720636382022240
1720636382022420
1720636382036899
1720636382037389
1720636382037558
1720636382037716
1720636382037877
1720636382038037
1720636382038196
1720636382038360
1720636382038517
1720636382038675
1720636382038828
1720636382038982
1720636382039138
1720636382039315
1720636382039471
1720636382039623
1720636382039776
1720636382039933
1720636382040099
1720636382040271
1720636382040441
1720636382040609
1720636382040780
1720636382040953
1720636382041127
1720636382041298
1720636382041469
1720636382057223
1720636382057677
1720636382057849
1720636382058019
1720636382058188
1720636382058354
1720636382058519
1720636382058688
1720636382071045
1720636382071552
1720636382071729
1720636382071898
1720636382072070
1720636382072245
1720636382072416
1720636382072586
1720636382072785
1720636382072955
1720636382073123
1720636382073292
1720636382073461
1720636382073631
1720636382073799
1720636382073968
1720636382074137
1720636382074307
1720636382074478
1720636382074648
1720636382074821
1720636382074993
1720636382075218
1720636382075421
1720636382075610
1720636382075794
1720636382076004
1720636382076192
1720636382076373
1720636382076547
1720636382076795
1720636382076969
1720636382077140
1720636382077308
1720636382077475
1720636382086218
1720636382086738
1720636382086906
1720636382087125
1720636382087282
1720636382087437
1720636382087590
1720636382087744
1720636382087897
1720636382088163
1720636382088319
1720636382105596
1720636382106222
1720636382106422
1720636382106601
1720636382106780
1720636382106954
1720636382107195
1720636382107366
1720636382107543
1720636382107715
1720636382107884
1720636382108052
1720636382108221
1720636382108388
1720636382108556
1720636382108725
1720636382108894
1720636382109061
1720636382109228
1720636382109420
1720636382109588
1720636382109755
1720636382109921
1720636382110089
1720636382110257
1720636382110425
1720636382110593
1720636382110761
1720636382110928
1720636382111097
1720636382111265
1720636382111432
1720636382111600
1720636382111768
1720636382111936
1720636382112245
1720636382112423
1720636382112616
1720636382112795
1720636382112973
1720636382113148
1720636382113325
1720636382113503
1720636382113679
1720636382113853
1720636382114029
1720636382118789
1720636382119153
1720636382137736
1720636382138397
1720636382138586
1720636382138762
1720636382138943
1720636382139122
1720636382139314
1720636382139488
1720636382139659
1720636382139829
1720636382139997
1720636382140164
1720636382140334
1720636382140503
1720636382140672
1720636382140840
1720636382141010
1720636382141179
1720636382141348
1720636382141515
1720636382141684
1720636382141852
1720636382142021
1720636382142190
1720636382142359
1720636382142528
1720636382142714
1720636382142886
1720636382143057
1720636382143225
1720636382153391
1720636382153810
1720636382153987
1720636382154157
1720636382154327
1720636382154497
1720636382154668
1720636382154838
1720636382155007
1720636382155176
1720636382155350
1720636382155519
1720636382155686
1720636382155853
1720636382156043
1720636382156216
1720636382172189
1720636382172685
1720636382172862
1720636382173013
1720636382173164
1720636382173313
1720636382173463
1720636382173613
1720636382173763
1720636382173912
1720636382174062
1720636382174211
1720636382174359
1720636382174510
1720636382174657
1720636382174811
1720636382174960
1720636382175109
1720636382175257
1720636382175407
1720636382175556
1720636382175704
1720636382175853
1720636382176016
1720636382176168
1720636382176318
1720636382176469
1720636382176620
1720636382176772
1720636382176923
1720636382177081
1720636382177252
1720636382177425
1720636382177599
1720636382177772
1720636382177946
1720636382185898
1720636382186309
1720636382186483
1720636382186653
1720636382186822
1720636382186992
1720636382187163
1720636382187340
1720636382187514
1720636382187702
1720636382187887
1720636382204414
1720636382204846
1720636382205009
1720636382205167
1720636382205321
1720636382205471
1720636382205623
1720636382205772
1720636382205924
1720636382206228
1720636382206466
1720636382206640
1720636382206816
1720636382206987
1720636382207161
1720636382207336
1720636382207507
1720636382207680
1720636382207848
1720636382208017
1720636382208183
1720636382208350
1720636382208516
1720636382208683
1720636382208849
1720636382209016
1720636382219329
1720636382219731
1720636382219905
1720636382220077
1720636382220246
1720636382220414
1720636382220582
1720636382220752
1720636382220924
1720636382221093
1720636382221261
1720636382221429
1720636382221597
1720636382221767
1720636382245880
1720636382246399
1720636382246589
1720636382246764
1720636382246942
1720636382247115
1720636382247287
1720636382247461
1720636382247635
1720636382247968
1720636382248144
1720636382248317
1720636382248476
1720636382248630
1720636382248785
1720636382248940
1720636382249096
1720636382249251
1720636382249425
1720636382249582
1720636382249735
1720636382249890
1720636382250044
1720636382250201
1720636382250357
1720636382250514
1720636382250669
1720636382250823
1720636382250977
1720636382251131
1720636382251285
1720636382251438
1720636382251598
1720636382251754
1720636382251907
1720636382252060
1720636382252214
1720636382252368
1720636382252522
1720636382252688
1720636382252844
1720636382252998
1720636382253149
1720636382253303
1720636382253457
1720636382253610
1720636382253766
1720636382253920
1720636382254074
1720636382254226
1720636382254380
1720636382254531
1720636382254683
1720636382254836
1720636382255000
1720636382255154
1720636382255304
1720636382255459
1720636382255622
1720636382255790
1720636382255973
1720636382256140
1720636382256307
1720636382256472
1720636382256640
1720636382256793
1720636382256951
1720636382257106
1720636382257257
1720636382257409
1720636382257571
1720636382257728
1720636382257888
1720636382258047
1720636382258205
1720636382258366
1720636382258525
1720636382258679
1720636382258831
1720636382258983
1720636382259137
1720636382259430
1720636382259586
1720636382259744
1720636382259900
1720636382260056
1720636382260210
1720636382260362
1720636382260516
1720636382260668
1720636382260820
1720636382260974
1720636382261126
1720636382261280
1720636382261448
1720636382261605
1720636382261760
1720636382261921
1720636382262199
1720636382262364
1720636382262529
1720636382262706
1720636382262868
1720636382263028
1720636382263187
1720636382263347
1720636382263505
1720636382263662
1720636382263824
1720636382263986
1720636382264144
1720636382264298
1720636382264454
1720636382264609
1720636382264764
1720636382264917
1720636382265074
1720636382265229
1720636382265387
1720636382265542
1720636382265706
1720636382265868
1720636382266049
1720636382266214
1720636382266377
1720636382266543
1720636382266706
1720636382266863
1720636382267019
1720636382267175
1720636382267329
1720636382267483
1720636382267636
1720636382267795
1720636382267952
1720636382268133
1720636382268313
1720636382268467
1720636382268620
1720636382268773
1720636382268927
1720636382269080
1720636382269233
1720636382269405
1720636382269563
1720636382269715
1720636382269868
1720636382270021
1720636382270173
1720636382270326
1720636382270480
1720636382270633
1720636382270788
1720636382270941
1720636382271095
1720636382271250
1720636382271403
1720636382271556
1720636382271715
1720636382271869
1720636382272021
1720636382272173
1720636382272324
1720636382272476
1720636382272645
1720636382272719
1720636382272771
1720636382272822
1720636382272872
1720636382272920
1720636382274353
1720636382274490
1720636382274540
1720636382274589
1720636382274637
1720636382274685
1720636382274733
1720636382274781
1720636382274828
1720636382274876
1720636382274924
1720636382274971
1720636382275020
1720636382275069
1720636382275119
1720636382275169
1720636382275218
1720636382275268
1720636382275317
1720636382278014
1720636382278140
1720636382278192
1720636382278242
1720636382278319
1720636382278372
1720636382278423
1720636382278473
1720636382278524
1720636382278574
1720636382278654
1720636382278707
1720636382278785
1720636382278838
1720636382278893
1720636382278944
1720636382278997
1720636382279051
1720636382279100
1720636382279155
1720636382279208
1720636382279261
1720636382279325
1720636382279378
1720636382279502
1720636382279556
1720636382279609
1720636382279661
1720636382279714
1720636382279769
1720636382279820
1720636382279873
1720636382279924
1720636382279976
1720636382280027
1720636382280081
1720636382280135
1720636382280186
1720636382280238
1720636382280291
1720636382280345
1720636382280397
1720636382280451
1720636382285377
1720636382285574
1720636382285657
1720636382285731
1720636382285804
1720636382285876
1720636382285962
1720636382286036
1720636382286109
1720636382302655
1720636382302811
1720636382302868
1720636382302920
1720636382302991
1720636382303044
1720636382303094
1720636382303144
1720636382303195
1720636382303246
1720636382303295
1720636382303344
1720636382303396
1720636382303458
1720636382303509
1720636382303559
1720636382303609
1720636382303659
1720636382303709
1720636382303759
1720636382303810
1720636382303860
1720636382303922
1720636382303981
1720636382324125
1720636382324763
1720636382325033
1720636382325291
1720636382325551
1720636382325805
1720636382326140
1720636382326398
1720636382326647
1720636382326895
1720636382327142
1720636382360319
1720636382360818
1720636382361000
1720636382361171
1720636382361348
1720636382361521
1720636382361759
1720636382362016
1720636382362189
1720636382362356
1720636382362524
1720636382362735
1720636382362910
1720636382363082
1720636382363248
1720636382363419
1720636382363588
1720636382363756
1720636382363925
1720636382364094
1720636382364413
1720636382364595
1720636382364764
1720636382364932
1720636382365100
1720636382365266
1720636382365433
1720636382377121
1720636382377337
1720636382377411
1720636382377472
1720636382377533
1720636382377593
1720636382377657
1720636382377713
1720636382377764
1720636382377813
1720636382377877
1720636382377929
1720636382377980
1720636382378032
1720636382378081
1720636382378133
1720636382378183
1720636382378233
1720636382378283
1720636382378347
1720636382378398
1720636382378449
1720636382378499
1720636382378550
1720636382378600
1720636382378649
1720636382378699
1720636382378748
1720636382378848
1720636382378928
1720636382379009
1720636382379068
1720636382379151
1720636382385763
1720636382385995
1720636382406405
1720636382406733
1720636382406830
1720636382406900
1720636382406971
1720636382407042
1720636382407135
1720636382407333
1720636382407397
1720636382407464
1720636382407525
1720636382407623
1720636382407695
1720636382407764
1720636382407839
1720636382407910
1720636382407982
1720636382408069
1720636382408171
1720636382408260
1720636382408318
1720636382408380
1720636382408440
1720636382408522
1720636382420597
1720636382420887
1720636382420950
1720636382421020
1720636382421081
1720636382421138
1720636382421193
1720636382421287
1720636382421353
1720636382421415
1720636382445332
1720636382445627
1720636382445706
1720636382445778
1720636382445841
1720636382445901
1720636382446005
1720636382446072
1720636382446136
1720636382446202
1720636382446266
1720636382446329
1720636382446392
1720636382446459
1720636382446519
1720636382446583
1720636382446647
1720636382446712
1720636382446777
1720636382446842
1720636382446906
1720636382446971
1720636382447040
1720636382447105
1720636382447169
1720636382447235
1720636382447298
1720636382447361
1720636382447430
1720636382447493
1720636382447553
1720636382447622
1720636382447685
1720636382453433
1720636382453660
1720636382453726
1720636382453784
1720636382453837
1720636382453912
1720636382453969
1720636382475258
1720636382475717
1720636382475882
1720636382476062
1720636382476217
1720636382476369
1720636382476521
1720636382476675
1720636382476826
1720636382476978
1720636382477128
1720636382477278
1720636382477428
1720636382477584
1720636382477736
1720636382477946
1720636382478102
1720636382478273
1720636382478483
1720636382478722
1720636382478942
1720636382479127
1720636382503689
1720636382504221
1720636382504403
1720636382504580
1720636382504751
1720636382504920
1720636382505088
1720636382505256
1720636382505422
1720636382505590
1720636382505756
1720636382505925
1720636382506130
1720636382506301
1720636382506471
1720636382506640
1720636382506809
1720636382506978
1720636382507146
1720636382507314
1720636382507481
1720636382507648
1720636382507815
1720636382507981
1720636382508146
1720636382508314
1720636382521175
1720636382521919
1720636382522120
1720636382522365
1720636382522529
1720636382522804
1720636382523009
1720636382523216
1720636382523373
1720636382523526
1720636382523687
1720636382523959
1720636382524116
1720636382524270
1720636382524422
1720636382524575
1720636382524726
1720636382524879
1720636382525134
1720636382525287
1720636382525440
1720636382525591
1720636382525742
1720636382525895
1720636382526064
1720636382526248
1720636382526406
1720636382526590
1720636382526771
1720636382526929
1720636382527085
1720636382527237
1720636382527390
1720636382527542
1720636382527693
1720636382527845
1720636382536519
1720636382536977
1720636382537141
1720636382537297
1720636382537452
1720636382537605
1720636382537760
1720636382537913
1720636382538067
1720636382538218
1720636382538370
1720636382538522
1720636382538685
1720636382538840
1720636382538992
1720636382539144
1720636382539315
1720636382539469
1720636382539621
1720636382539772
1720636382552481
1720636382552897
1720636382553055
1720636382553252
1720636382553442
1720636382553594
1720636382553750
1720636382553968
1720636382570957
1720636382571483
1720636382571677
1720636382571858
1720636382572036
1720636382572207
1720636382572377
1720636382572547
1720636382572737
1720636382572910
1720636382573079
1720636382573250
1720636382573420
1720636382573592
1720636382573763
1720636382573947
1720636382574119
1720636382574291
1720636382574461
1720636382574633
1720636382574802
1720636382574972
1720636382575143
1720636382575315
1720636382575494
1720636382575663
1720636382575836
1720636382576077
1720636382576260
1720636382576434
1720636382576612
1720636382576785
1720636382576954
1720636382577125
1720636382577297
1720636382577467
1720636382585417
1720636382585891
1720636382586089
1720636382604608
1720636382605209
1720636382605411
1720636382605596
1720636382605772
1720636382605979
1720636382606159
1720636382606335
1720636382606513
1720636382606690
1720636382606863
1720636382607035
1720636382607206
1720636382607378
1720636382607549
1720636382607718
1720636382607887
1720636382608059
1720636382608233
1720636382608405
1720636382608579
1720636382608751
1720636382608923
1720636382609097
1720636382609298
1720636382609495
1720636382609745
1720636382609980
1720636382610154
1720636382610327
1720636382610501
1720636382619629
1720636382620304
1720636382620410
1720636382637862
1720636382638125
1720636382638188
1720636382638245
1720636382638297
1720636382638355
1720636382638409
1720636382638463
1720636382638514
1720636382638567
1720636382638621
1720636382638674
1720636382638807
1720636382638860
1720636382638911
1720636382638962
1720636382639015
1720636382639069
1720636382639122
1720636382639174
1720636382639228
1720636382639306
1720636382639363
1720636382639414
1720636382639463
1720636382657361
1720636382657623
1720636382657692
1720636382657763
1720636382657833
1720636382657907
1720636382657979
1720636382658055
1720636382658135
1720636382675111
1720636382675844
1720636382676534
1720636382676939
1720636382677149
1720636382677347
1720636382677588
1720636382677821
1720636382678055
1720636382678283
1720636382678499
1720636382678664
1720636382678861
1720636382679059
1720636382679309
1720636382679560
1720636382679809
1720636382680050
1720636382680259
1720636382680627
1720636382681362
1720636382681595
1720636382681773
1720636382681941
1720636382682136
1720636382682353
1720636382682581
1720636382682863
1720636382683101
1720636382683267
1720636382683441
1720636382683613
1720636382683783
1720636382688263
1720636382688964
1720636382689179
1720636382689433
1720636382689729
1720636382707570
1720636382708759
1720636382709439
1720636382709684
1720636382709883
1720636382710161
1720636382710391
1720636382710680
1720636382710917
1720636382711083
1720636382711248
1720636382711407
1720636382711564
1720636382711798
1720636382712098
1720636382712357
1720636382712582
1720636382713062
1720636382713528
1720636382713807
1720636382713996
1720636382714172
1720636382714381
1720636382714768
1720636382714957
1720636382715166
1720636382715340
1720636382715532
1720636382715732
1720636382715901
1720636382719771
1720636382720633
1720636382720860
1720636382721019
1720636382721308
1720636382722038
1720636382722415
1720636382722652
1720636382741995
1720636382742986
1720636382743378
1720636382743581
1720636382743767
1720636382743944
1720636382744169
1720636382744425
1720636382744661
1720636382744902
1720636382745357
1720636382745702
1720636382745891
1720636382746094
1720636382746297
1720636382746530
1720636382746756
1720636382746980
1720636382747204
1720636382747426
1720636382747605
1720636382747786
1720636382748448
1720636382748727
1720636382748969
1720636382749376
1720636382754609
1720636382755405
1720636382755680
1720636382756168
1720636382756360
1720636382756526
1720636382756723
1720636382756959
1720636382757373
1720636382757580
1720636382758100
1720636382794449
1720636382795154
1720636382795436
1720636382795659
1720636382795839
1720636382796042
1720636382796226
1720636382796431
1720636382796704
1720636382796997
1720636382797279
1720636382797537
1720636382797762
1720636382798331
1720636382798718
1720636382798914
1720636382799081
1720636382799253
1720636382799459
1720636382799618
1720636382799831
1720636382800051
1720636382800257
1720636382800469
1720636382800676
1720636382800839
1720636382801001
1720636382801161
1720636382801316
1720636382801519
1720636382801755
1720636382801980
1720636382802260
1720636382802479
1720636382803120
1720636382803466
1720636382803649
1720636382803806
1720636382803960
1720636382804124
1720636382804319
1720636382804522
1720636382804752
1720636382804960
1720636382805147
1720636382805310
1720636382805473
1720636382805631
1720636382805812
1720636382806044
1720636382806272
1720636382806489
1720636382806689
1720636382807268
1720636382807590
1720636382807763
1720636382807926
1720636382808109
1720636382808326
1720636382808545
1720636382808760
1720636382808969
1720636382809134
1720636382809331
1720636382809493
1720636382809650
1720636382809859
1720636382810085
1720636382810316
1720636382810556
1720636382810887
1720636382811502
1720636382811702
1720636382811868
1720636382812024
1720636382812185
1720636382812399
1720636382812662
1720636382812921
1720636382813174
1720636382813408
1720636382813589
1720636382813768
1720636382813947
1720636382814129
1720636382814361
1720636382814609
1720636382814841
1720636382815076
1720636382815289
1720636382815592
1720636382815900
1720636382816226
1720636382816435
1720636382816610
1720636382816773
1720636382816937
1720636382817099
1720636382817259
1720636382817416
1720636382817575
1720636382817734
1720636382817894
1720636382818056
1720636382818215
1720636382818373
1720636382818532
1720636382818689
1720636382818849
1720636382819010
1720636382819171
1720636382819368
1720636382819534
1720636382819690
1720636382819890
1720636382820119
1720636382820353
1720636382820567
1720636382820785
1720636382820966
1720636382821137
1720636382821301
1720636382821464
1720636382821702
1720636382821951
1720636382822211
1720636382822462
1720636382822713
1720636382822989
1720636382823338
1720636382823509
1720636382823819
1720636382824021
1720636382824181
1720636382824354
1720636382824517
1720636382824675
1720636382824857
1720636382825089
1720636382825344
1720636382825612
1720636382825878
1720636382826082
1720636382826257
1720636382826429
1720636382826586
1720636382826822
1720636382827043
1720636382827289
1720636382827542
1720636382827800
1720636382828401
1720636382828949
1720636382829137
1720636382829344
1720636382829425
1720636382829479
1720636382829546
1720636382829613
1720636382829693
1720636382829775
1720636382829858
1720636382829941
1720636382830023
1720636382830104
1720636382830185
1720636382830270
1720636382830357
1720636382830436
1720636382830511
1720636382830589
1720636382830668
1720636382830746
1720636382830801
1720636382830852
1720636382830905
1720636382830957
1720636382831011
1720636382831061
1720636382831110
1720636382831161
1720636382831213
1720636382831262
1720636382831312
1720636382831363
1720636382831414
1720636382831502
1720636382831581
1720636382831667
1720636382831761
1720636382831859
1720636382831950
1720636382832040
1720636382832139
1720636382832241
1720636382832329
1720636382832416
1720636382832471
1720636382832730
1720636382832992
1720636382833050
1720636382833102
1720636382833151
1720636382833201
1720636382833251
1720636382833300
1720636382833450
1720636382833596
1720636382833650
1720636382833795
1720636382833848
1720636382833898
1720636382833988
1720636382834040
1720636382834105
1720636382834157
1720636382834227
1720636382834281
1720636382834333
1720636382834386
1720636382834439
1720636382834491
1720636382834542
1720636382834597
1720636382834666
1720636382834747
1720636382834837
1720636382834928
1720636382835013
1720636382835092
1720636382835169
1720636382835249
1720636382835340
1720636382835429
1720636382836821
1720636382839168
1720636382839412
1720636382839474
1720636382839559
1720636382839632
1720636382839714
1720636382839788
1720636382839880
1720636382839979
1720636382840059
1720636382840132
1720636382840208
1720636382840277
1720636382840358
1720636382840449
1720636382840921
1720636382841511
1720636382843611
1720636382843798
1720636382843858
1720636382843933
1720636382844002
1720636382844071
1720636382844142
1720636382844216
1720636382844289
1720636382844361
1720636382844500
1720636382844573
1720636382844642
1720636382844717
1720636382844787
1720636382844856
1720636382844914
1720636382853913
1720636382854299
1720636382854381
1720636382854451
1720636382871758
1720636382872110
1720636382872182
1720636382872251
1720636382872320
1720636382872388
1720636382872452
1720636382872520
1720636382872623
1720636382872697
1720636382872764
1720636382872813
1720636382872861
1720636382872910
1720636382872959
1720636382873016
1720636382873065
1720636382873114
1720636382886959
1720636382887196
1720636382887253
1720636382887346
1720636382887414
1720636382887508
1720636382887577
1720636382904840
1720636382905616
1720636382905984
1720636382906189
1720636382906357
1720636382906521
1720636382906717
1720636382906930
1720636382907139
1720636382907336
1720636382907536
1720636382907664
1720636382907729
1720636382907779
1720636382907826
1720636382907873
1720636382907921
1720636382907966
1720636382908012
1720636382908059
1720636382908105
1720636382908150
1720636382908205
1720636382920108
1720636382920470
1720636382920800
1720636382938950
1720636382940030
1720636382940409
1720636382940735
1720636382941025
1720636382941229
1720636382941318
1720636382941380
1720636382941439
1720636382941494
1720636382941551
1720636382941599
1720636382941647
1720636382941695
1720636382941741
1720636382941791
1720636382941839
1720636382941887
1720636382941934
1720636382941981
1720636382942028
1720636382959120
1720636382959575
1720636382959693
1720636382959776
1720636382959852
1720636382959927
1720636382960015
1720636382960100
1720636382960178
1720636382960284
1720636382960437
1720636382976539
1720636382977582
1720636382977912
1720636382978219
1720636382978637
1720636382979117
1720636382979366
1720636382979550
1720636382979723
1720636382979926
1720636382980148
1720636382980364
1720636382980595
1720636382980820
1720636382981043
1720636382981294
1720636382981589
1720636382981849
1720636382982141
1720636382982440
1720636382982964
1720636382983632
1720636382983898
1720636382984125
1720636382984404
1720636382984688
1720636382984979
1720636382985213
1720636382987004
1720636382988042
1720636382988578
1720636383006693
1720636383007993
1720636383008264
1720636383008432
1720636383008625
1720636383008862
1720636383009094
1720636383009530
1720636383009708
1720636383009865
1720636383010020
1720636383010173
1720636383010340
1720636383010537
1720636383010727
1720636383010914
1720636383011102
1720636383011555
1720636383012015
1720636383012189
1720636383012350
1720636383012517
1720636383012764
1720636383012984
1720636383013190
1720636383013397
1720636383013613
1720636383013775
1720636383013937
1720636383014094
1720636383014245
1720636383014426
1720636383014636
1720636383014833
1720636383019195
1720636383020231
1720636383040572
1720636383041438
1720636383041629
1720636383041812
1720636383042022
1720636383042241
1720636383042459
1720636383042686
1720636383042867
1720636383043025
1720636383043180
1720636383043330
1720636383043483
1720636383043674
1720636383043858
1720636383044038
1720636383044221
1720636383044771
1720636383045161
1720636383045332
1720636383045487
1720636383045698
1720636383045903
1720636383046154
1720636383046369
1720636383046580
1720636383046750
1720636383046915
1720636383053976
1720636383054417
1720636383054514
1720636383054585
1720636383054656
1720636383054808
1720636383054896
1720636383054999
1720636383055070
1720636383055122
1720636383072926
1720636383074305
1720636383074701
1720636383075334
1720636383075778
1720636383076136
1720636383076332
1720636383076711
1720636383077076
1720636383077288
1720636383077575
1720636383077869
1720636383078097
1720636383078368
1720636383078639
1720636383078925
1720636383079209
1720636383079626
1720636383080102
1720636383080601
1720636383080851
1720636383081048
1720636383081531
1720636383081873
1720636383082247
1720636383082577
1720636383082910
1720636383087637
1720636383088303
1720636383088592
1720636383088960
1720636383089589
1720636383089856
1720636383090024
1720636383090221
1720636383090435
1720636383090636
1720636383090858
1720636383107830
1720636383108966
1720636383109166
1720636383109370
1720636383109566
1720636383109764
1720636383109957
1720636383110142
1720636383110335
1720636383110523
1720636383110701
1720636383110882
1720636383111062
1720636383111653
1720636383111965
1720636383112138
1720636383112325
1720636383112501
1720636383112725
1720636383112961
1720636383113201
1720636383113436
1720636383113676
1720636383113914
1720636383114142
1720636383114359
1720636383114580
1720636383115031
1720636383115252
1720636383115587
1720636383116083
1720636383121226
1720636383122008
1720636383122372
1720636383142513
1720636383143170
1720636383143438
1720636383143674
1720636383143909
1720636383144610
1720636383144877
1720636383145057
1720636383145233
1720636383145426
1720636383145632
1720636383145842
1720636383146096
1720636383146307
1720636383146529
1720636383146749
1720636383146970
1720636383147187
1720636383147854
1720636383148476
1720636383148697
1720636383148932
1720636383149159
1720636383149403
1720636383149618
1720636383149819
1720636383150036
1720636383150249
1720636383150490
1720636383153610
1720636383153908
1720636383153986
1720636383154059
1720636383154127
1720636383173518
1720636383173738
1720636383173792
1720636383173845
1720636383173898
1720636383173945
1720636383173992
1720636383174037
1720636383174099
1720636383174157
1720636383174218
1720636383174279
1720636383174339
1720636383174397
1720636383174450
1720636383174511
1720636383174577
1720636383174639
1720636383174703
1720636383174765
1720636383174827
1720636383174891
1720636383174954
1720636383175004
1720636383175060
1720636383175127
1720636383175189
1720636383175254
1720636383175312
1720636383187635
1720636383187959
1720636383188042
1720636383188122
1720636383188198
1720636383188276
1720636383188351
1720636383188419
1720636383188489
1720636383188570
1720636383188644
1720636383188719
1720636383188773
1720636383207078
1720636383207379
1720636383207450
1720636383207520
1720636383207588
1720636383207657
1720636383207720
1720636383207938
1720636383208249
1720636383208578
1720636383208636
1720636383208688
1720636383208737
1720636383208832
1720636383208891
1720636383208941
1720636383208992
1720636383209045
1720636383209094
1720636383209144
1720636383209192
1720636383209241
1720636383209301
1720636383209352
1720636383209412
1720636383209484
1720636383209548
1720636383209612
1720636383209677
1720636383209735
1720636383209797
1720636383209857
1720636383209916
1720636383209978
1720636383220298
1720636383220624
1720636383220697
1720636383220769
1720636383220841
1720636383220916
1720636383220969
1720636383221052
1720636383240728
1720636383240980
1720636383241036
1720636383241108
1720636383241175
1720636383241237
1720636383241301
1720636383241486
1720636383241552
1720636383241617
1720636383241689
1720636383241748
1720636383241812
1720636383241870
1720636383241941
1720636383242012
1720636383242089
1720636383242141
1720636383242214
1720636383242294
1720636383242362
1720636383242430
1720636383242499
1720636383242566
1720636383242670
1720636383242737
1720636383242801
1720636383242867
1720636383242937
1720636383242996
1720636383243911
1720636383244007
1720636383244056
1720636383244107
1720636383253559
1720636383253829
1720636383253896
1720636383253949
1720636383254000
1720636383254051
1720636383254101
1720636383254151
1720636383307134
1720636383307406
1720636383307464
1720636383307532
1720636383307599
1720636383307677
1720636383307744
1720636383307813
1720636383307888
1720636383307962
1720636383308033
1720636383308097
1720636383308166
1720636383308237
1720636383308302
1720636383308369
1720636383308430
1720636383308710
1720636383309201
1720636383309398
1720636383309460
1720636383309518
1720636383309571
1720636383309625
1720636383309677
1720636383309730
1720636383309791
1720636383309860
1720636383309926
1720636383309994
1720636383310062
1720636383310141
1720636383310215
1720636383310287
1720636383310361
1720636383310433
1720636383310505
1720636383310577
1720636383310638
1720636383310699
1720636383310762
1720636383310813
1720636383310881
1720636383310943
1720636383311010
1720636383311075
1720636383311136
1720636383311199
1720636383311263
1720636383311330
1720636383311399
1720636383311462
1720636383311530
1720636383311594
1720636383311772
1720636383312074
1720636383312311
1720636383312413
1720636383312471
1720636383312523
1720636383312576
1720636383312646
1720636383312701
1720636383312752
1720636383312804
1720636383312853
1720636383312905
1720636383312955
1720636383313007
1720636383313058
1720636383313110
1720636383313159
1720636383313210
1720636383313263
1720636383313316
1720636383313366
1720636383313416
1720636383313468
1720636383313522
1720636383313574
1720636383313625
1720636383313676
1720636383313730
1720636383313782
1720636383313836
1720636383313887
1720636383313937
1720636383313988
1720636383314038
1720636383314090
1720636383314142
1720636383314194
1720636383314249
1720636383314300
1720636383314354
1720636383314408
1720636383314460
1720636383314585
1720636383314641
1720636383314692
1720636383314744
1720636383314793
1720636383314844
1720636383314894
1720636383314945
1720636383314995
1720636383315043
1720636383315093
1720636383315142
1720636383315191
1720636383315241
1720636383315290
1720636383315339
1720636383315389
1720636383315437
1720636383315486
1720636383315534
1720636383315583
1720636383315633
1720636383315682
1720636383315731
1720636383315781
1720636383315831
1720636383315880
1720636383315954
1720636383316008
1720636383316056
1720636383316106
1720636383316155
1720636383316205
1720636383316255
1720636383316305
1720636383316354
1720636383316403
1720636383316452
1720636383316501
1720636383316551
1720636383316602
1720636383316650
1720636383316700
1720636383316750
1720636383316799
1720636383316849
1720636383316897
1720636383316946
1720636383316997
1720636383317049
1720636383317100
1720636383317149
1720636383317197
1720636383317245
1720636383317294
1720636383317346
1720636383317397
1720636383317446
1720636383317495
1720636383317545
1720636383317594
1720636383317644
1720636383317694
1720636383317748
1720636383317800
1720636383317853
1720636383317906
1720636383317960
1720636383318012
1720636383318063
1720636383318113
1720636383318161
1720636383318213
1720636383318265
1720636383318315
1720636383318385
1720636383318448
1720636383318526
1720636383318600
1720636383318665
1720636383318729
1720636383318800
1720636383318862
1720636383318917
1720636383318973
1720636383319027
1720636383319079
1720636383319139
1720636383319201
1720636383319278
1720636383319328
1720636383319400
1720636383319468
1720636383319542
1720636383319608
1720636383319675
1720636383319738
1720636383319802
1720636383319867
1720636383319931
1720636383319993
1720636383320054
1720636383320114
1720636383320174
1720636383320485
1720636383320840
1720636383320947
1720636383321002
1720636383321054
1720636383321101
1720636383321150
1720636383321198
1720636383321246
