1720636381749898
1720636381750197
1720636381750425
1720636381750617
1720636381750893
1720636381751040
1720636381751180
1720636381751315
1720636381751448
1720636381751650
1720636381751788
1720636381752090
1720636381752237
1720636381752372
1720636381752625
1720636381752764
1720636381752898
1720636381753091
1720636381753231
1720636381753524
1720636381753668
1720636381753805
1720636381753939
1720636381754073
1720636381754265
1720636381754404
1720636381754542
1720636381754730
1720636381754878
1720636381755068
1720636381755203
1720636381755528
1720636381755610
1720636381755669
1720636381755758
1720636381755829
1720636381755887
1720636381755948
1720636381756004
1720636381756061
1720636381756138
1720636381756196
1720636381756274
1720636381756331
1720636381756389
1720636381756470
1720636381756528
1720636381756585
1720636381756661
1720636381756764
1720636381756823
1720636381756880
1720636381756957
1720636381757016
1720636381757073
1720636381757150
1720636381757206
1720636381757283
1720636381757341
1720636381757429
1720636381757487
1720636381757545
1720636381757626
1720636381757684
1720636381757741
1720636381757817
1720636381757874
1720636381757953
1720636381758010
1720636381758068
1720636381758147
1720636381758203
1720636381758258
1720636381758335
1720636381758425
1720636381758483
1720636381758541
1720636381758654
1720636381758713
1720636381758775
1720636381758857
1720636381758915
1720636381759007
1720636381759066
1720636381759122
1720636381759202
1720636381759260
1720636381759316
1720636381759393
1720636381759483
1720636381759540
1720636381759599
1720636381759682
1720636381759741
1720636381759799
1720636381759876
1720636381759938
1720636381760018
1720636381760074
1720636381760132
1720636381760210
1720636381760267
1720636381760323
1720636381760400
1720636381760485
1720636381760544
1720636381760600
1720636381760677
1720636381760736
1720636381760796
1720636381760873
1720636381760931
1720636381761007
1720636381761072
1720636381761131
1720636381761221
1720636381761279
1720636381761336
1720636381761416
1720636381761504
1720636381761563
1720636381761618
1720636381761695
1720636381761793
1720636381761853
1720636381763570
1720636381763638
1720636381763694
1720636381763749
1720636381763804
1720636381763862
1720636381764277
1720636381773778
1720636381773904
1720636381774040
1720636381774191
1720636381774346
1720636381774505
1720636381774741
1720636381774850
1720636381775052
1720636381775161
1720636381775369
1720636381775479
1720636381775674
1720636381795936
1720636381820158
1720636381820533
1720636381820596
1720636381820646
1720636381820692
1720636381820731
1720636381820778
1720636381820820
1720636381820863
1720636381820969
1720636381821199
1720636381821259
1720636381836095
1720636381836255
1720636381836298
1720636381836335
1720636381836450
1720636381836646
1720636381836777
1720636381836932
1720636381837089
1720636381837248
1720636381837411
1720636381837548
1720636381852382
1720636381852617
1720636381852673
1720636381872877
1720636381873029
1720636381873101
1720636381873147
1720636381873799
1720636381874524
1720636381885631
1720636381885907
1720636381885973
1720636381886040
1720636381886082
1720636381886226
1720636381886411
1720636381886721
1720636381886811
1720636381886926
1720636381888202
1720636381888352
1720636381888512
1720636381889168
1720636381889222
1720636381889306
1720636381889359
1720636381889398
1720636381904415
1720636381904786
1720636381904962
1720636381905144
1720636381905317
1720636381905496
1720636381905670
1720636381905845
1720636381906074
1720636381906253
1720636381906429
1720636381906622
1720636381906848
1720636381907016
1720636381907133
1720636381907314
1720636381907473
1720636381922258
1720636381922433
1720636381922745
1720636381922993
1720636381923166
1720636381937424
1720636381937568
1720636381937719
1720636381937870
1720636381938020
1720636381938171
1720636381938331
1720636381938551
1720636381938637
1720636381938842
1720636381938935
1720636381939079
1720636381939226
1720636381939534
1720636381939684
1720636381939834
1720636381939983
1720636381940133
1720636381940271
1720636381957655
1720636381957752
1720636381957908
1720636381958110
1720636381958204
1720636381958352
1720636381958556
1720636381958674
1720636381958776
1720636381970181
1720636381970409
1720636381970506
1720636381970679
1720636381970771
1720636381970975
1720636381971078
1720636381971202
1720636381971349
1720636381971509
1720636381971648
1720636381971893
1720636381972047
1720636381972200
1720636381972347
1720636381972549
1720636381972668
1720636381972805
1720636381973000
1720636381973130
1720636381973295
1720636381973460
1720636381973626
1720636381973783
1720636381994339
1720636381994416
1720636381994464
1720636381994509
1720636381994555
1720636381994600
1720636381994650
1720636381994696
1720636381994740
1720636381994786
1720636381994830
1720636381994876
1720636382004563
1720636382004730
1720636382005017
1720636382005311
1720636382005404
1720636382005539
1720636382005760
1720636382005860
1720636382005984
1720636382006302
1720636382006385
1720636382006618
1720636382006700
1720636382006850
1720636382007009
1720636382007149
1720636382007306
1720636382007455
1720636382007637
1720636382020972
1720636382021111
1720636382021286
1720636382021455
1720636382021634
1720636382021805
1720636382021985
1720636382022164
1720636382022342
1720636382022682
1720636382037500
1720636382037609
1720636382037744
1720636382037905
1720636382038020
1720636382038159
1720636382038376
1720636382038461
1720636382038660
1720636382038786
1720636382038937
1720636382039086
1720636382039234
1720636382039412
1720636382039567
1720636382039712
1720636382039868
1720636382040023
1720636382040197
1720636382040366
1720636382040533
1720636382040709
1720636382040879
1720636382043423
1720636382043471
1720636382043511
1720636382043554
1720636382057631
1720636382057782
1720636382057950
1720636382058118
1720636382058282
1720636382058451
1720636382058662
1720636382058758
1720636382071760
1720636382072105
1720636382072189
1720636382072234
1720636382072274
1720636382072338
1720636382072517
1720636382072728
1720636382072884
1720636382073053
1720636382073222
1720636382073391
1720636382073560
1720636382073729
1720636382073904
1720636382074067
1720636382074235
1720636382074412
1720636382074579
1720636382074752
1720636382074922
1720636382075103
1720636382075352
1720636382075540
1720636382075724
1720636382075919
1720636382076122
1720636382076333
1720636382076472
1720636382076760
1720636382076985
1720636382077093
1720636382077243
1720636382077410
1720636382077546
1720636382086855
1720636382087057
1720636382087117
1720636382087263
1720636382087476
1720636382087561
1720636382087773
1720636382087856
1720636382088187
1720636382088276
1720636382088500
1720636382106256
1720636382106695
1720636382106758
1720636382106802
1720636382106907
1720636382107135
1720636382107309
1720636382107482
1720636382107655
1720636382107967
1720636382108016
1720636382108164
1720636382108331
1720636382108511
1720636382108739
1720636382108811
1720636382108993
1720636382109166
1720636382109347
1720636382109514
1720636382109681
1720636382109847
1720636382110014
1720636382110183
1720636382110351
1720636382110519
1720636382110700
1720636382113414
1720636382113466
1720636382113507
1720636382113547
1720636382113619
1720636382113661
1720636382113701
1720636382113763
1720636382113804
1720636382113844
1720636382113883
1720636382113945
1720636382113986
1720636382114026
1720636382114091
1720636382114136
1720636382114175
1720636382114214
1720636382114252
1720636382119178
1720636382119262
1720636382138376
1720636382138531
1720636382138711
1720636382138884
1720636382139050
1720636382139228
1720636382139432
1720636382139591
1720636382139760
1720636382139947
1720636382140094
1720636382140262
1720636382140431
1720636382140620
1720636382140786
1720636382140932
1720636382141104
1720636382141268
1720636382141435
1720636382141602
1720636382141771
1720636382141965
1720636382142110
1720636382142292
1720636382144544
1720636382144589
1720636382144629
1720636382144664
1720636382144699
1720636382144736
1720636382153748
1720636382153910
1720636382154081
1720636382154253
1720636382154420
1720636382154598
1720636382154782
1720636382154948
1720636382155119
1720636382155301
1720636382155525
1720636382155614
1720636382155853
1720636382155958
1720636382156213
1720636382156300
1720636382172710
1720636382172839
1720636382172976
1720636382173133
1720636382173267
1720636382173420
1720636382173566
1720636382173726
1720636382173861
1720636382174011
1720636382174158
1720636382174307
1720636382174458
1720636382174739
1720636382174862
1720636382174943
1720636382175042
1720636382175196
1720636382175341
1720636382175490
1720636382175641
1720636382175787
1720636382178521
1720636382178585
1720636382178636
1720636382178672
1720636382178708
1720636382178742
1720636382178777
1720636382178822
1720636382178857
1720636382178891
1720636382178926
1720636382178967
1720636382179013
1720636382179049
1720636382186316
1720636382186398
1720636382186654
1720636382186906
1720636382186953
1720636382187164
1720636382187281
1720636382187527
1720636382187734
1720636382187836
1720636382188067
1720636382204952
1720636382205093
1720636382205147
1720636382205288
1720636382205497
1720636382205577
1720636382205790
1720636382205891
1720636382206204
1720636382206405
1720636382206575
1720636382206747
1720636382206935
1720636382207089
1720636382207262
1720636382207441
1720636382207608
1720636382207773
1720636382207939
1720636382208109
1720636382208276
1720636382208459
1720636382211211
1720636382211273
1720636382211315
1720636382211356
1720636382219810
1720636382219903
1720636382220170
1720636382220274
1720636382220461
1720636382220548
1720636382220740
1720636382220905
1720636382221016
1720636382221183
1720636382221350
1720636382221523
1720636382221688
1720636382221837
1720636382246445
1720636382246568
1720636382246881
1720636382247056
1720636382247108
1720636382247227
1720636382247487
1720636382247555
1720636382247781
1720636382248069
1720636382248235
1720636382248406
1720636382248566
1720636382248722
1720636382248887
1720636382249042
1720636382249196
1720636382249368
1720636382249526
1720636382249676
1720636382249831
1720636382249991
1720636382250133
1720636382250290
1720636382250447
1720636382250602
1720636382250760
1720636382250909
1720636382251064
1720636382251220
1720636382251371
1720636382251525
1720636382251725
1720636382251839
1720636382252054
1720636382252169
1720636382252366
1720636382252534
1720636382252635
1720636382252847
1720636382252952
1720636382253155
1720636382253250
1720636382253390
1720636382253613
1720636382253766
1720636382253920
1720636382254072
1720636382254170
1720636382254313
1720636382254465
1720636382254617
1720636382254770
1720636382254927
1720636382255086
1720636382255260
1720636382255395
1720636382255554
1720636382255726
1720636382255892
1720636382256074
1720636382256240
1720636382256405
1720636382256572
1720636382256726
1720636382256882
1720636382257039
1720636382257189
1720636382257342
1720636382257503
1720636382257660
1720636382257820
1720636382257982
1720636382258206
1720636382258335
1720636382258540
1720636382258642
1720636382258787
1720636382258938
1720636382259091
1720636382259380
1720636382259558
1720636382259697
1720636382259855
1720636382260145
1720636382260198
1720636382260319
1720636382260470
1720636382260621
1720636382260899
1720636382260959
1720636382261082
1720636382261241
1720636382261383
1720636382261573
1720636382261694
1720636382261854
1720636382262079
1720636382262349
1720636382262520
1720636382262681
1720636382262860
1720636382262961
1720636382263119
1720636382263280
1720636382263439
1720636382263658
1720636382263758
1720636382263977
1720636382264138
1720636382264290
1720636382264388
1720636382264541
1720636382264696
1720636382264849
1720636382265005
1720636382265161
1720636382265381
1720636382265539
1720636382265698
1720636382265861
1720636382265966
1720636382266147
1720636382266312
1720636382266535
1720636382266639
1720636382266798
1720636382267007
1720636382267165
1720636382267319
1720636382267475
1720636382267572
1720636382267727
1720636382267885
1720636382268061
1720636382268244
1720636382268400
1720636382268554
1720636382268705
1720636382268869
1720636382269014
1720636382269166
1720636382269336
1720636382269496
1720636382269651
1720636382269803
1720636382269953
1720636382270105
1720636382270259
1720636382270413
1720636382270566
1720636382270720
1720636382270875
1720636382271027
1720636382271182
1720636382271335
1720636382271487
1720636382271655
1720636382271806
1720636382272046
1720636382272198
1720636382272279
1720636382272431
1720636382272582
1720636382272737
1720636382272863
1720636382272967
1720636382273039
1720636382273091
1720636382273157
1720636382274705
1720636382274759
1720636382274845
1720636382274925
1720636382275009
1720636382275062
1720636382275140
1720636382275191
1720636382275332
1720636382275385
1720636382275460
1720636382275507
1720636382275552
1720636382275596
1720636382275641
1720636382275686
1720636382275732
1720636382275776
1720636382275822
1720636382278276
1720636382278368
1720636382278422
1720636382278504
1720636382278631
1720636382278720
1720636382278772
1720636382278847
1720636382278925
1720636382278974
1720636382279055
1720636382279134
1720636382279184
1720636382279267
1720636382279347
1720636382279399
1720636382279473
1720636382279643
1720636382279701
1720636382279878
1720636382279933
1720636382280039
1720636382280178
1720636382280277
1720636382280322
1720636382280387
1720636382280426
1720636382280745
1720636382280782
1720636382280819
1720636382280854
1720636382280892
1720636382280929
1720636382280964
1720636382280998
1720636382281033
1720636382281068
1720636382281105
1720636382281142
1720636382281180
1720636382281216
1720636382281296
1720636382281336
1720636382285575
1720636382285775
1720636382285816
1720636382285895
1720636382285978
1720636382286048
1720636382286118
1720636382286185
1720636382286221
1720636382303091
1720636382303242
1720636382303319
1720636382303358
1720636382303435
1720636382303497
1720636382303536
1720636382303569
1720636382303632
1720636382303669
1720636382303735
1720636382303768
1720636382303832
1720636382303868
1720636382303932
1720636382303969
1720636382304030
1720636382304064
1720636382304098
1720636382304131
1720636382304165
1720636382304201
1720636382304233
1720636382304267
1720636382324818
1720636382324944
1720636382325117
1720636382325413
1720636382325695
1720636382325941
1720636382326290
1720636382326537
1720636382326783
1720636382326968
1720636382327211
1720636382361841
1720636382362180
1720636382362250
1720636382362298
1720636382362334
1720636382362371
1720636382362426
1720636382362468
1720636382362518
1720636382362569
1720636382362606
1720636382365484
1720636382365533
1720636382365560
1720636382365583
1720636382365612
1720636382365635
1720636382365658
1720636382365681
1720636382365703
1720636382365726
1720636382365747
1720636382365769
1720636382365796
1720636382365819
1720636382365848
1720636382365874
1720636382377790
1720636382378002
1720636382378081
1720636382378120
1720636382378191
1720636382378274
1720636382378312
1720636382378375
1720636382378411
1720636382378484
1720636382378521
1720636382378640
1720636382378741
1720636382378829
1720636382378865
1720636382378945
1720636382378979
1720636382379042
1720636382379077
1720636382379129
1720636382379174
1720636382379233
1720636382379285
1720636382379318
1720636382379350
1720636382379392
1720636382379424
1720636382379457
1720636382379500
1720636382379532
1720636382379565
1720636382379607
1720636382379647
1720636382386021
1720636382386106
1720636382408238
1720636382408352
1720636382408414
1720636382408451
1720636382408525
1720636382408561
1720636382408659
1720636382408694
1720636382408725
1720636382408767
1720636382408923
1720636382408967
1720636382408999
1720636382409030
1720636382409075
1720636382409112
1720636382409146
1720636382409193
1720636382409228
1720636382409272
1720636382409312
1720636382409347
1720636382409391
1720636382409427
1720636382421083
1720636382421214
1720636382421296
1720636382421346
1720636382421427
1720636382421512
1720636382421557
1720636382421613
1720636382421654
1720636382421707
1720636382445710
1720636382445854
1720636382445912
1720636382445996
1720636382446070
1720636382446122
1720636382446200
1720636382446280
1720636382446330
1720636382446410
1720636382446483
1720636382446534
1720636382446613
1720636382446690
1720636382446742
1720636382446815
1720636382446893
1720636382446944
1720636382447020
1720636382447096
1720636382447148
1720636382447219
1720636382447267
1720636382447351
1720636382447430
1720636382447479
1720636382447552
1720636382447629
1720636382447679
1720636382447752
1720636382447824
1720636382447872
1720636382447919
1720636382453786
1720636382453923
1720636382454034
1720636382454150
1720636382454221
1720636382454297
1720636382454369
1720636382478220
1720636382478314
1720636382478386
1720636382478436
1720636382478476
1720636382478517
1720636382478559
1720636382478660
1720636382478723
1720636382478764
1720636382478804
1720636382478885
1720636382478928
1720636382478967
1720636382479042
1720636382479092
1720636382479180
1720636382479245
1720636382479287
1720636382479360
1720636382479403
1720636382479472
1720636382504310
1720636382504422
1720636382504509
1720636382504774
1720636382504862
1720636382505104
1720636382505189
1720636382505439
1720636382505523
1720636382505769
1720636382505854
1720636382506152
1720636382506236
1720636382506486
1720636382506573
1720636382506753
1720636382506925
1720636382507095
1720636382507255
1720636382507425
1720636382507590
1720636382507759
1720636382507922
1720636382508088
1720636382508253
1720636382508417
1720636382521746
1720636382522115
1720636382522254
1720636382522576
1720636382522677
1720636382523010
1720636382523117
1720636382523419
1720636382523522
1720636382523664
1720636382523819
1720636382526619
1720636382526705
1720636382526741
1720636382526774
1720636382526806
1720636382526856
1720636382526888
1720636382526919
1720636382526951
1720636382527002
1720636382527221
1720636382527253
1720636382527311
1720636382527346
1720636382527379
1720636382527412
1720636382527464
1720636382527497
1720636382527528
1720636382527561
1720636382527611
1720636382527644
1720636382527676
1720636382527785
1720636382527908
1720636382536889
1720636382537075
1720636382537229
1720636382537382
1720636382537540
1720636382537690
1720636382537843
1720636382537997
1720636382538149
1720636382538300
1720636382538452
1720636382538619
1720636382538769
1720636382538921
1720636382539073
1720636382539226
1720636382539398
1720636382539550
1720636382539705
1720636382539823
1720636382553022
1720636382553204
1720636382553257
1720636382553390
1720636382553553
1720636382553685
1720636382553896
1720636382554060
1720636382572233
1720636382572412
1720636382572521
1720636382572584
1720636382572656
1720636382572700
1720636382572763
1720636382572835
1720636382572889
1720636382573033
1720636382573175
1720636382573344
1720636382573517
1720636382578009
1720636382578071
1720636382578118
1720636382578162
1720636382578204
1720636382578258
1720636382578300
1720636382578343
1720636382578384
1720636382578425
1720636382578465
1720636382578505
1720636382578545
1720636382578619
1720636382578662
1720636382578703
1720636382578743
1720636382578785
1720636382578826
1720636382578867
1720636382578907
1720636382578948
1720636382578996
1720636382585828
1720636382586014
1720636382586157
1720636382605380
1720636382605510
1720636382605556
1720636382605695
1720636382605862
1720636382606075
1720636382606258
1720636382606428
1720636382606603
1720636382606785
1720636382606952
1720636382607123
1720636382607292
1720636382607465
1720636382607634
1720636382607803
1720636382607976
1720636382608152
1720636382608322
1720636382608495
1720636382608668
1720636382608839
1720636382609013
1720636382609190
1720636382609397
1720636382609656
1720636382609900
1720636382610071
1720636382610249
1720636382610416
1720636382610575
1720636382620309
1720636382620420
1720636382620482
1720636382638198
1720636382638316
1720636382638359
1720636382638421
1720636382638457
1720636382638519
1720636382638555
1720636382638699
1720636382638736
1720636382638776
1720636382638809
1720636382638869
1720636382638903
1720636382638965
1720636382639000
1720636382639079
1720636382639399
1720636382639459
1720636382639495
1720636382639525
1720636382639582
1720636382639615
1720636382639647
1720636382639681
1720636382639712
1720636382657866
1720636382658040
1720636382658089
1720636382658151
1720636382658189
1720636382658249
1720636382658293
1720636382658333
1720636382658369
1720636382675747
1720636382676194
1720636382676882
1720636382677080
1720636382677267
1720636382677492
1720636382677770
1720636382677995
1720636382678464
1720636382678525
1720636382678648
1720636382678996
1720636382679057
1720636382679548
1720636382679608
1720636382679724
1720636382680065
1720636382680533
1720636382680583
1720636382681044
1720636382681557
1720636382681706
1720636382681877
1720636382682101
1720636382682272
1720636382682499
1720636382682758
1720636382683016
1720636382683252
1720636382683382
1720636382683558
1720636382683728
1720636382684014
1720636382688955
1720636382689183
1720636382689381
1720636382689658
1720636382689966
1720636382708621
1720636382709166
1720636382709721
1720636382709890
1720636382710085
1720636382710327
1720636382710558
1720636382710863
1720636382711065
1720636382711180
1720636382711369
1720636382711504
1720636382711695
1720636382712062
1720636382712241
1720636382712488
1720636382712774
1720636382713328
1720636382713800
1720636382713993
1720636382714181
1720636382714284
1720636382714652
1720636382714884
1720636382715066
1720636382715303
1720636382715509
1720636382715741
1720636382715861
1720636382715966
1720636382720728
1720636382721232
1720636382721466
1720636382721513
1720636382721558
1720636382722380
1720636382722541
1720636382722761
1720636382742624
1720636382743264
1720636382743505
1720636382743700
1720636382743881
1720636382744081
1720636382744311
1720636382744564
1720636382744881
1720636382745099
1720636382745633
1720636382745916
1720636382746045
1720636382746298
1720636382746534
1720636382746675
1720636382746987
1720636382747217
1720636382747355
1720636382747628
1720636382747724
1720636382747914
1720636382748638
1720636382748963
1720636382749122
1720636382749650
1720636382755222
1720636382755599
1720636382755922
1720636382756389
1720636382756491
1720636382756733
1720636382756891
1720636382757307
1720636382757522
1720636382757748
1720636382758297
1720636382795110
1720636382795384
1720636382795659
1720636382795851
1720636382795970
1720636382796236
1720636382796424
1720636382796668
1720636382796946
1720636382797165
1720636382797426
1720636382797679
1720636382798015
1720636382798532
1720636382798917
1720636382799032
1720636382799270
1720636382799466
1720636382799564
1720636382799812
1720636382800025
1720636382800249
1720636382800454
1720636382800597
1720636382800782
1720636382800938
1720636382801106
1720636382801260
1720636382801420
1720636382801651
1720636382801889
1720636382802119
1720636382802493
1720636382802744
1720636382803367
1720636382803635
1720636382803797
1720636382803913
1720636382804099
1720636382804285
1720636382804491
1720636382804688
1720636382804917
1720636382805130
1720636382805328
1720636382805449
1720636382805622
1720636382805769
1720636382805953
1720636382806217
1720636382806442
1720636382806659
1720636382806894
1720636382807533
1720636382807749
1720636382807909
1720636382808070
1720636382808282
1720636382808500
1720636382808718
1720636382808929
1720636382809120
1720636382809279
1720636382809476
1720636382809635
1720636382809821
1720636382810030
1720636382810257
1720636382810496
1720636382810717
1720636382811112
1720636382811667
1720636382811853
1720636382811992
1720636382812189
1720636382812350
1720636382812655
1720636382812962
1720636382813131
1720636382813331
1720636382813577
1720636382813784
1720636382813893
1720636382814071
1720636382814269
1720636382814507
1720636382814737
1720636382814978
1720636382815205
1720636382815430
1720636382815740
1720636382816074
1720636382816367
1720636382816547
1720636382816713
1720636382816877
1720636382817041
1720636382817200
1720636382817359
1720636382817520
1720636382817675
1720636382817835
1720636382817999
1720636382818159
1720636382818315
1720636382818475
1720636382818640
1720636382818792
1720636382818953
1720636382819115
1720636382819274
1720636382819474
1720636382819633
1720636382819796
1720636382820025
1720636382820257
1720636382820484
1720636382820760
1720636382820970
1720636382821077
1720636382821246
1720636382821405
1720636382821587
1720636382821843
1720636382822126
1720636382822371
1720636382822659
1720636382822938
1720636382823462
1720636382823542
1720636382823689
1720636382824006
1720636382824191
1720636382824489
1720636382824541
1720636382824619
1720636382824794
1720636382824994
1720636382825260
1720636382825582
1720636382825844
1720636382826032
1720636382826202
1720636382826383
1720636382826542
1720636382826730
1720636382826967
1720636382827187
1720636382827448
1720636382827725
1720636382827978
1720636382828666
1720636382829168
1720636382829261
1720636382829535
1720636382829638
1720636382829718
1720636382829774
1720636382829860
1720636382829940
1720636382830019
1720636382830074
1720636382830156
1720636382830240
1720636382830294
1720636382830372
1720636382830452
1720636382830530
1720636382830585
1720636382830669
1720636382830748
1720636382830801
1720636382830885
1720636382830973
1720636382831026
1720636382831113
1720636382831197
1720636382831284
1720636382831340
1720636382831428
1720636382831517
1720636382831571
1720636382831650
1720636382831736
1720636382831814
1720636382831866
1720636382831964
1720636382832046
1720636382832099
1720636382832180
1720636382832258
1720636382832308
1720636382832386
1720636382832464
1720636382832550
1720636382832603
1720636382832653
1720636382832703
1720636382832923
1720636382833169
1720636382833275
1720636382833365
1720636382833419
1720636382833467
1720636382833548
1720636382833600
1720636382833676
1720636382833754
1720636382833804
1720636382833906
1720636382834005
1720636382834079
1720636382834154
1720636382834264
1720636382834311
1720636382834388
1720636382834464
1720636382834511
1720636382834591
1720636382834640
1720636382834707
1720636382834778
1720636382834826
1720636382834901
1720636382834946
1720636382835016
1720636382835081
1720636382835128
1720636382835197
1720636382835292
1720636382835339
1720636382835407
1720636382835534
1720636382835580
1720636382837157
1720636382839496
1720636382839582
1720636382839629
1720636382839699
1720636382839823
1720636382839891
1720636382839937
1720636382840028
1720636382840236
1720636382840314
1720636382840360
1720636382840434
1720636382840477
1720636382840543
1720636382840582
1720636382841571
1720636382841651
1720636382844276
1720636382844411
1720636382844756
1720636382844923
1720636382845093
1720636382845290
1720636382845356
1720636382845418
1720636382845477
1720636382845537
1720636382845595
1720636382845654
1720636382845715
1720636382846154
1720636382846189
1720636382846223
1720636382846257
1720636382861145
1720636382861194
1720636382861231
1720636382861271
1720636382872262
1720636382872428
1720636382872479
1720636382872541
1720636382872580
1720636382872639
1720636382872677
1720636382872736
1720636382872776
1720636382872841
1720636382872879
1720636382872943
1720636382872981
1720636382873053
1720636382873091
1720636382873157
1720636382873200
1720636382873261
1720636382887409
1720636382887593
1720636382887669
1720636382887716
1720636382887756
1720636382887799
1720636382887839
1720636382905480
1720636382905969
1720636382906118
1720636382906302
1720636382906559
1720636382906659
1720636382906952
1720636382907085
1720636382907382
1720636382907478
1720636382907749
1720636382907875
1720636382907971
1720636382908095
1720636382908154
1720636382908282
1720636382908385
1720636382908441
1720636382908496
1720636382908548
1720636382908662
1720636382908744
1720636382908796
1720636382920701
1720636382920823
1720636382920891
1720636382939589
1720636382943486
1720636382943565
1720636382943612
1720636382943644
1720636382943687
1720636382943720
1720636382943761
1720636382943793
1720636382943826
1720636382943869
1720636382943901
1720636382943941
1720636382943978
1720636382944020
1720636382944053
1720636382944084
1720636382944126
1720636382944157
1720636382944202
1720636382944238
1720636382959582
1720636382959664
1720636382959826
1720636382959939
1720636382959976
1720636382960028
1720636382960197
1720636382960238
1720636382960291
1720636382960453
1720636382960622
1720636382977339
1720636382977824
1720636382978059
1720636382978387
1720636382978879
1720636382979311
1720636382979529
1720636382979703
1720636382979877
1720636382980113
1720636382980281
1720636382980496
1720636382980739
1720636382981009
1720636382981163
1720636382981452
1720636382981713
1720636382982010
1720636382982320
1720636382982594
1720636382983226
1720636382983776
1720636382984018
1720636382984277
1720636382984571
1720636382984833
1720636382985112
1720636382985294
1720636382987501
1720636382988324
1720636382988703
1720636383007473
1720636383008399
1720636383008508
1720636383008566
1720636383008771
1720636383009024
1720636383009455
1720636383009667
1720636383009822
1720636383009982
1720636383010268
1720636383010325
1720636383010484
1720636383010676
1720636383010866
1720636383011051
1720636383011220
1720636383011773
1720636383012184
1720636383012309
1720636383012541
1720636383012659
1720636383012991
1720636383013394
1720636383013456
1720636383013536
1720636383013803
1720636383013894
1720636383014123
1720636383014210
1720636383014357
1720636383014567
1720636383014777
1720636383014943
1720636383019805
1720636383020386
1720636383041291
1720636383041586
1720636383041742
1720636383041973
1720636383042234
1720636383042481
1720636383042580
1720636383043004
1720636383043110
1720636383043240
1720636383043350
1720636383043428
1720636383043596
1720636383043780
1720636383043966
1720636383044202
1720636383044325
1720636383044970
1720636383045282
1720636383045481
1720636383045656
1720636383045872
1720636383046155
1720636383046349
1720636383046543
1720636383046726
1720636383046845
1720636383047001
1720636383054575
1720636383054773
1720636383054891
1720636383055014
1720636383055129
1720636383055285
1720636383055364
1720636383055437
1720636383055507
1720636383055578
1720636383074162
1720636383074541
1720636383074918
1720636383075700
1720636383076021
1720636383076280
1720636383076576
1720636383076942
1720636383077213
1720636383077435
1720636383077720
1720636383078004
1720636383078235
1720636383078508
1720636383078812
1720636383079173
1720636383079517
1720636383079874
1720636383080363
1720636383080826
1720636383081046
1720636383081176
1720636383081697
1720636383082107
1720636383082486
1720636383082869
1720636383083017
1720636383088121
1720636383088480
1720636383088742
1720636383089150
1720636383089835
1720636383090033
1720636383090161
1720636383090424
1720636383090631
1720636383090850
1720636383090936
1720636383108695
1720636383109175
1720636383109283
1720636383109551
1720636383109749
1720636383109944
1720636383110130
1720636383110318
1720636383110513
1720636383110632
1720636383110810
1720636383110991
1720636383111200
1720636383111869
1720636383112108
1720636383112325
1720636383112438
1720636383112618
1720636383112877
1720636383113125
1720636383113360
1720636383113586
1720636383113831
1720636383114049
1720636383114289
1720636383114487
1720636383114965
1720636383115170
1720636383115370
1720636383115777
1720636383116319
1720636383121858
1720636383122306
1720636383122612
1720636383143150
1720636383143415
1720636383143667
1720636383143818
1720636383144110
1720636383144797
1720636383144997
1720636383145170
1720636383145442
1720636383145557
1720636383145843
1720636383146057
1720636383146328
1720636383146458
1720636383146670
1720636383146897
1720636383147178
1720636383147432
1720636383148160
1720636383148641
1720636383148921
1720636383149142
1720636383149372
1720636383149621
1720636383149757
1720636383149958
1720636383150246
1720636383150459
1720636383150589
1720636383153958
1720636383154062
1720636383154137
1720636383154189
1720636383154261
1720636383174026
1720636383174521
1720636383174665
1720636383174736
1720636383174843
1720636383174950
1720636383175057
1720636383175169
1720636383175346
1720636383175418
1720636383175487
1720636383175548
1720636383175608
1720636383175677
1720636383175737
1720636383175828
1720636383175981
1720636383176064
1720636383176128
1720636383176187
1720636383176249
1720636383176326
1720636383176402
1720636383176466
1720636383176615
1720636383176701
1720636383176778
1720636383176845
1720636383176923
1720636383188049
1720636383188186
1720636383188271
1720636383188316
1720636383188384
1720636383188449
1720636383188542
1720636383188663
1720636383188700
1720636383188774
1720636383188870
1720636383188904
1720636383188942
1720636383207513
1720636383207664
1720636383207791
1720636383207909
1720636383208020
1720636383208098
1720636383208174
1720636383208253
1720636383208400
1720636383208977
1720636383209136
1720636383209412
1720636383209644
1720636383209824
1720636383209864
1720636383209934
1720636383209970
1720636383210031
1720636383210068
1720636383210103
1720636383210137
1720636383210170
1720636383210204
1720636383210238
1720636383210271
1720636383210305
1720636383210342
1720636383210377
1720636383210411
1720636383210444
1720636383210477
1720636383210511
1720636383210544
1720636383210580
1720636383220769
1720636383221000
1720636383221096
1720636383221173
1720636383221222
1720636383221271
1720636383221317
1720636383221365
1720636383241214
1720636383241407
1720636383241573
1720636383241714
1720636383241798
1720636383241883
1720636383241948
1720636383242030
1720636383242140
1720636383242186
1720636383242507
1720636383242580
1720636383242623
1720636383242694
1720636383242734
1720636383242803
1720636383242875
1720636383242918
1720636383242986
1720636383243026
1720636383243091
1720636383243133
1720636383243171
1720636383243210
1720636383243247
1720636383243285
1720636383243324
1720636383243362
1720636383243400
1720636383243441
1720636383244089
1720636383244169
1720636383244214
1720636383244253
1720636383253962
1720636383254111
1720636383254204
1720636383254280
1720636383254331
1720636383254379
1720636383254424
1720636383254471
1720636383307968
1720636383308417
1720636383308965
1720636383309070
1720636383309163
1720636383309257
1720636383309404
1720636383309602
1720636383309761
1720636383309981
1720636383310126
1720636383310291
1720636383310490
1720636383310647
1720636383310857
1720636383311017
1720636383311247
1720636383311418
1720636383311574
1720636383311773
1720636383311949
1720636383312051
1720636383312194
1720636383312292
1720636383312432
1720636383312641
1720636383312801
1720636383312968
1720636383313206
1720636383313367
1720636383313594
1720636383313766
1720636383313999
1720636383314171
1720636383314393
1720636383314570
1720636383314788
1720636383314967
1720636383315200
1720636383315460
1720636383315646
1720636383315816
1720636383316043
1720636383316203
1720636383316447
1720636383316619
1720636383316842
1720636383317011
1720636383317181
1720636383317429
1720636383317606
1720636383317838
1720636383317995
1720636383318221
1720636383318397
1720636383318650
1720636383318815
1720636383318974
1720636383319204
1720636383319462
1720636383319754
1720636383319970
1720636383320128
1720636383320243
1720636383320297
1720636383320332
1720636383320363
1720636383320396
1720636383320428
1720636383320460
1720636383320491
1720636383320539
1720636383320574
1720636383320605
1720636383320637
1720636383320667
1720636383320699
1720636383320729
1720636383320760
1720636383320791
1720636383320822
1720636383320853
1720636383320902
1720636383320935
1720636383320969
1720636383321021
1720636383321053
1720636383321108
1720636383321140
1720636383321194
1720636383321229
1720636383321260
1720636383321319
1720636383321350
1720636383321407
1720636383321439
1720636383321487
1720636383321520
1720636383321572
1720636383321608
1720636383321639
1720636383321874
1720636383321925
1720636383321983
1720636383322015
1720636383322074
1720636383322108
1720636383322156
1720636383322191
1720636383322223
1720636383322281
1720636383322313
1720636383322368
1720636383322401
1720636383322433
1720636383322559
1720636383322594
1720636383323039
1720636383323070
1720636383323097
1720636383323123
1720636383323150
1720636383323178
1720636383323203
1720636383323229
1720636383323256
1720636383323282
1720636383323309
1720636383323338
1720636383323365
1720636383323393
1720636383323420
1720636383323446
1720636383323473
1720636383323500
1720636383323527
1720636383323554
1720636383323581
1720636383323607
1720636383323633
1720636383323660
1720636383323687
1720636383323717
1720636383323744
1720636383323772
1720636383323798
1720636383323825
1720636383323851
1720636383323878
1720636383323904
1720636383323931
1720636383323956
1720636383323982
1720636383324008
1720636383324034
1720636383324060
1720636383324086
1720636383324113
1720636383324139
1720636383324165
1720636383324193
1720636383324238
1720636383324267
1720636383324294
1720636383324320
1720636383324346
1720636383324373
1720636383324401
1720636383324427
1720636383324454
1720636383324481
1720636383324508
1720636383324535
1720636383324562
1720636383324589
1720636383324614
1720636383324641
1720636383324671
1720636383328227
1720636383328318
1720636383328357
1720636383328428
1720636383328463
1720636383328520
1720636383328555
1720636383328628
1720636383328664
1720636383328723
1720636383328757
1720636383328935
1720636383328990
1720636383329160
1720636383329293
1720636383329365
1720636383329437
1720636383329482
1720636383329547
1720636383329589
1720636383329628
1720636383329667
1720636383329707
1720636383329899
1720636383330266
1720636383330507
1720636383330549
1720636383330608
1720636383330645
1720636383330705
1720636383330740
1720636383330796
